 55 166 193 66 33 246 404 205 459 424 255 414 464 279 36 193 298 68 19 327 357 73 178 207 130 421 463 213 66 107 135 346 470 328 169 178 187 19 177 6

 493 310 255 487 424 445 182 28 156 32 66 100 105 478 336 114 46 280 25 490 404 112 112 45 209 370 368 130 364 402 6 471 205 487 286 397 265 412 48 341

 229 56 114 419 397 396 322 310 361 315 412 483 379 12 408 261 28 8 462 419 413 454 278 206 242 306 331 103 491 239 266 204 94 53 82 81 237 46 436 286

 283 96 395 379 252 55 145 158 334 376 148 190 196 356 277 431 300 161 241 211 423 174 218 320 491 205 14 183 439 370 424 498 235 133 475 294 198 171 139 68

 249 51 330 317 481 267 191 177 149 462 213 440 28 137 146 67 302 392 17 389 357 396 374 81 499 482 372 287 336 483 242 39 31 58 499 0 33 141 176 107

 41 76 34 226 219 334 56 85 435 483 304 203 492 149 57 251 165 69 151 344 270 90 11 348 221 216 115 397 216 353 316 189 135 426 449 439 103 478 187 171

 232 403 479 132 71 285 230 5 161 362 43 436 145 203 487 80 150 47 349 313 279 17 12 120 47 183 310 319 199 104 498 284 448 110 106 191 430 33 422 330

 464 296 289 177 462 233 131 191 238 170 433 355 466 437 294 30 245 172 192 138 294 273 360 411 388 229 77 380 132 129 467 467 227 323 50 415 422 120 28 397

 264 453 282 30 181 220 55 452 400 479 82 244 146 233 349 285 249 418 377 209 166 202 156 121 250 191 252 217 178 384 353 72 31 216 237 97 79 18 431 424

 402 251 442 460 376 307 276 131 117 464 191 349 7 418 153 247 160 405 276 225 111 99 348 204 307 255 107 460 300 277 222 491 480 269 17 488 99 278 446 295

 145 319 29 315 192 468 456 232 209 407 44 99 451 354 430 352 478 19 408 480 392 270 412 63 483 425 390 47 59 445 447 214 264 273 56 293 389 259 465 42

 360 256 177 109 438 87 274 247 80 13 229 58 260 118 384 217 307 131 115 224 467 202 269 30 71 397 24 99 116 364 73 487 483 217 372 203 130 463 251 472

 117 299 459 152 476 196 314 194 322 303 77 361 5 499 454 51 130 225 281 175 55 472 3 293 485 475 141 367 374 48 486 64 483 311 169 98 293 275 235 196

 299 203 76 140 280 271 165 148 108 352 2 62 254 499 291 468 30 214 128 58 368 472 360 15 380 108 126 300 3 351 387 258 409 54 310 211 89 46 251 195

 245 321 4 76 343 425 77 232 17 378 140 420 155 275 264 81 102 173 447 384 443 393 216 116 34 263 226 445 116 381 470 239 147 448 320 67 431 303 37 171

 309 462 398 26 131 309 47 3 109 16 449 32 340 397 206 214 131 357 480 413 209 353 103 456 78 229 334 120 340 311 413 112 8 325 435 415 460 346 152 6

 183 44 164 493 95 436 119 489 202 312 437 121 352 36 480 112 441 292 106 130 30 375 282 203 442 431 152 286 89 238 153 67 392 470 432 333 160 35 94 249

 69 163 440 172 379 179 127 29 289 87 397 290 303 279 221 290 320 387 496 177 430 257 400 69 23 182 423 184 48 334 311 232 288 371 388 235 447 158 6 163

 232 64 47 57 83 345 338 263 73 203 101 191 87 469 78 229 323 335 287 273 12 72 385 227 440 85 274 370 273 71 401 124 32 131 380 472 416 459 139 82

 273 268 325 240 388 156 379 411 441 369 124 410 362 441 373 170 199 434 321 407 208 313 301 155 201 497 423 17 220 27 350 36 323 426 453 302 11 39 205 223

 249 223 411 402 487 244 230 103 284 249 334 336 311 111 106 293 365 465 157 275 456 449 2 184 81 160 377 145 122 336 247 235 193 294 276 411 177 155 269 375

 188 275 188 470 323 458 490 97 55 145 262 387 262 194 281 473 292 148 153 126 113 15 331 18 2 267 286 206 446 355 27 361 446 429 433 142 442 60 484 187

 296 386 54 309 268 362 247 389 364 90 236 118 484 443 28 408 34 158 427 389 294 316 185 375 261 382 410 26 406 151 150 444 213 313 321 406 402 45 259 282

 229 336 302 86 125 446 119 214 187 216 239 122 372 226 305 231 173 36 337 426 257 222 18 21 250 323 70 225 239 325 21 448 119 145 126 72 45 85 34 398

 128 429 74 237 171 50 118 224 270 116 475 146 451 318 243 32 418 355 430 411 243 205 399 248 243 128 41 107 66 297 340 9 429 45 146 73 456 428 160 370

 66 420 357 285 271 97 283 51 423 439 311 116 465 90 189 226 24 258 442 105 496 224 167 176 177 358 478 8 92 385 158 9 82 392 136 13 72 79 259 466

 357 247 385 18 250 54 407 367 257 75 136 25 212 334 251 33 241 277 122 32 150 463 264 122 483 89 6 156 455 483 485 22 193 486 445 301 408 69 237 167

 313 232 449 130 114 85 499 240 167 343 325 156 52 358 8 40 409 387 19 233 128 466 379 443 475 29 269 18 98 390 268 54 29 282 231 201 293 313 297 343

 21 345 100 9 102 251 226 25 412 69 52 166 48 244 142 204 65 334 434 22 472 304 193 319 438 47 139 126 484 157 38 70 6 361 185 342 37 13 242 275

 16 65 139 30 32 314 315 195 395 495 117 108 260 478 332 199 111 233 68 435 43 296 450 14 328 27 490 146 18 32 390 412 166 310 269 236 118 474 241 368

 384 187 382 220 57 252 55 429 293 421 480 448 344 466 317 63 262 120 331 112 251 297 94 314 225 494 147 391 16 425 61 304 215 233 126 304 355 323 236 39

 276 496 156 471 185 177 366 110 277 497 390 248 88 59 349 163 125 329 249 204 282 292 178 475 116 141 228 179 195 381 480 390 478 309 331 490 18 471 366 249

 380 153 251 485 223 167 288 437 24 109 190 175 122 146 233 192 204 221 43 201 71 453 96 85 109 39 391 466 11 114 9 409 423 193 489 315 485 244 192 435

 440 41 156 169 271 101 318 430 110 429 125 424 41 53 375 307 309 331 491 141 98 67 120 407 285 233 261 471 79 342 59 171 320 242 453 178 369 339 411 482

 149 431 386 390 345 42 458 317 496 470 293 61 246 391 437 480 368 20 336 195 126 266 126 19 416 365 487 96 228 54 426 271 329 380 482 382 216 210 436 172

 67 120 141 27 318 437 491 444 459 383 422 462 468 449 443 448 52 481 339 251 263 267 244 335 138 492 69 116 108 269 195 58 137 498 225 146 304 295 294 411

 498 345 19 111 35 66 438 481 55 302 301 276 396 170 426 331 431 410 477 457 327 247 242 122 172 241 179 155 475 344 227 346 466 44 284 219 205 396 496 292

 183 106 439 430 443 214 470 84 430 247 211 492 440 242 473 379 399 119 422 53 233 281 199 257 440 24 51 136 190 324 157 233 5 29 211 65 140 202 285 60

 177 7 276 15 459 318 229 424 26 32 282 238 353 336 114 67 116 198 472 349 362 108 106 411 337 498 1 231 305 442 412 70 102 161 343 480 184 472 422 195

 490 498 358 339 170 12 51 108 338 59 205 295 127 499 18 13 428 42 126 435 469 15 172 359 268 137 355 220 129 365 309 498 333 338 407 348 44 296 107 341

 149 155 216 411 321 293 17 217 401 411 302 79 445 120 455 376 304 438 81 345 138 316 456 497 116 124 332 406 86 285 88 218 330 155 52 245 379 404 403 333

 419 53 270 93 205 329 493 497 462 242 149 65 62 201 220 272 243 252 15 438 96 258 160 196 311 38 242 94 298 446 383 265 500 417 48 230 381 105 438 126

 19 298 138 84 150 125 496 428 472 434 117 184 317 130 474 243 366 325 25 293 461 281 17 132 192 454 43 470 233 176 40 269 396 238 15 358 78 409 238 156

 242 172 135 421 276 3 202 105 388 276 310 424 4 234 379 306 133 363 369 426 175 84 126 257 432 378 5 209 126 304 475 326 380 249 245 483 115 37 360 450

 128 7 373 497 485 401 197 67 343 191 199 443 125 424 383 231 25 452 125 155 486 297 268 463 358 188 35 123 183 349 360 384 11 86 62 168 330 490 324 452

 212 352 458 473 485 80 238 97 455 338 418 190 387 198 245 471 289 312 414 449 431 260 235 349 428 284 167 15 462 163 83 210 225 76 495 342 107 364 183 97

 438 284 419 404 95 292 18 449 451 70 383 244 313 491 120 424 144 56 428 232 195 479 302 33 35 178 50 229 466 176 393 166 107 248 181 347 463 392 372 57

 273 200 91 110 52 127 103 191 324 21 476 464 28 135 190 3 236 133 285 265 404 210 319 215 457 38 270 331 333 5 321 73 31 82 59 312 14 235 356 26

 337 132 326 384 145 81 245 49 99 203 32 364 324 457 204 216 80 103 364 349 7 379 308 345 318 246 93 223 18 223 178 231 72 131 161 480 259 291 175 70

 500 152 274 138 199 177 222 301 455 436 181 188 476 247 100 155 369 222 100 425 487 485 187 7 24 439 460 286 343 310 139 319 161 231 455 109 423 452 338 431

 159 27 450 272 471 124 109 162 87 1 336 228 343 16 78 274 418 142 470 337 249 26 117 493 301 175 438 371 206 455 299 218 45 401 391 188 158 417 150 396

 221 84 488 464 93 314 402 438 10 444 488 317 72 423 485 9 41 72 466 43 488 197 490 389 405 233 41 193 342 393 321 185 31 97 96 432 354 459 375 95

 457 211 22 316 424 18 283 30 264 386 11 167 301 132 150 326 225 492 349 362 238 254 483 161 472 349 26 360 167 409 103 280 196 90 102 269 41 64 55 36

 396 441 325 373 51 135 121 308 262 243 369 367 359 405 338 251 254 411 394 62 220 101 80 218 306 489 315 181 370 118 11 261 417 101 267 384 374 173 456 415

 326 33 421 376 454 28 318 403 122 349 267 182 469 210 391 292 275 98 469 48 108 400 53 469 65 103 62 409 54 98 475 218 315 146 270 306 295 254 346 199

 425 2 244 239 412 491 335 213 76 78 413 194 7 487 429 148 404 148 83 162 99 499 359 185 105 160 369 328 288 409 49 138 274 29 33 418 4 178 181 352

 132 169 156 485 175 332 142 460 176 103 165 407 105 99 422 167 68 426 74 185 495 144 89 438 482 230 45 444 190 9 262 101 332 436 9 384 235 159 283 270

 194 344 464 147 56 119 18 107 297 336 313 31 248 412 107 401 268 318 325 400 236 363 335 37 178 446 15 34 170 460 424 190 343 305 260 165 105 1 409 194

 104 279 228 446 388 113 270 92 471 285 466 223 394 225 115 73 481 57 108 452 56 494 182 383 206 299 397 57 101 6 214 112 25 408 498 137 450 327 398 244

 121 79 499 487 141 310 485 124 485 13 415 439 360 113 82 315 430 225 250 95 256 449 489 308 496 342 110 140 491 337 437 181 264 421 39 271 138 204 466 311

 159 44 329 299 118 194 201 424 5 285 46 105 349 334 76 332 222 22 177 481 480 110 270 99 173 85 259 364 482 281 168 328 437 312 203 263 298 357 312 23

 252 263 437 479 138 227 481 50 244 303 378 464 401 374 188 458 385 171 250 174 493 169 107 400 417 398 443 447 473 425 356 292 456 381 389 0 448 4 47 427

 201 298 173 97 434 138 146 238 60 55 425 213 185 169 312 141 27 63 101 116 12 392 60 346 415 475 312 268 222 251 331 467 144 31 171 311 425 171 163 344

 127 96 351 453 306 368 213 440 197 27 280 381 278 156 335 68 197 235 350 309 5 200 223 279 164 395 84 370 51 28 398 322 66 239 110 294 295 278 45 214

 313 83 435 58 5 196 72 448 496 362 435 259 36 15 193 161 446 381 401 233 214 58 431 71 93 103 448 472 390 78 247 389 71 346 408 425 114 45 47 140

 70 423 6 228 386 83 123 52 356 280 302 482 496 228 451 6 278 141 285 355 468 427 175 71 15 137 457 74 139 119 56 258 23 40 345 414 37 270 434 239

 181 499 71 42 189 75 349 292 369 241 334 242 458 223 346 143 299 166 346 95 200 362 75 478 320 335 416 457 365 119 359 29 496 54 22 248 167 70 141 481

 111 259 383 205 390 21 195 270 416 367 273 422 326 384 472 73 142 484 200 427 265 414 146 490 210 167 382 432 338 499 270 245 480 246 58 311 158 161 166 176

 356 353 466 418 85 440 354 437 299 438 209 396 450 248 468 298 310 96 75 311 315 35 253 34 406 99 53 245 197 259 453 141 218 115 367 11 352 42 471 95

 202 489 156 107 420 166 380 355 198 64 46 69 83 33 16 178 287 46 289 311 492 255 223 11 497 41 482 175 286 308 388 88 271 498 35 331 257 300 445 450

 214 220 370 197 42 392 13 84 323 474 197 439 413 129 133 66 481 432 236 236 401 405 70 6 91 40 150 339 175 305 255 500 408 276 434 212 427 70 465 310

 198 22 371 249 65 380 150 394 265 161 285 5 400 365 209 339 71 297 478 494 435 204 184 293 72 357 485 299 29 49 223 337 328 437 360 318 30 175 78 193

 187 318 149 349 478 216 419 332 500 400 347 199 359 411 105 125 374 253 349 178 105 9 200 21 424 371 468 238 25 47 417 479 426 32 141 190 401 280 21 473

 257 176 309 450 454 402 242 419 389 279 289 67 21 105 155 500 62 361 246 112 320 137 188 456 473 121 283 8 105 439 183 294 423 6 97 218 231 257 186 145

 290 143 355 266 121 36 400 492 39 100 9 364 149 340 34 398 324 22 267 434 128 94 248 439 193 105 8 250 377 407 200 489 80 175 378 496 234 349 353 212

 171 386 105 373 116 270 250 161 463 230 292 212 379 106 175 326 61 43 268 500 22 456 137 483 462 427 278 303 172 5 56 367 271 339 433 468 475 303 218 398

 296 15 198 344 408 422 165 280 190 292 6 26 457 288 211 187 420 478 243 35 373 234 144 274 392 366 172 70 1 344 133 124 142 439 384 196 325 261 341 379

 401 377 280 329 179 64 315 458 230 121 488 139 360 88 313 353 268 36 289 358 124 2 441 406 3 188 192 99 492 318 103 417 244 385 342 274 370 279 247 335

 99 403 77 80 87 47 88 370 475 127 6 213 51 232 287 414 395 297 422 279 76 176 378 8 299 266 209 68 218 271 402 222 139 277 429 360 254 470 252 394

 216 298 458 379 88 311 238 420 439 68 328 128 318 201 461 339 137 320 405 419 414 177 29 164 345 155 94 431 407 141 372 303 99 339 325 383 314 469 179 464

 80 287 426 363 6 260 120 425 322 374 356 239 113 100 21 407 494 282 425 169 452 190 92 309 472 279 499 319 25 377 215 298 226 405 382 434 18 285 170 124

 84 304 448 396 408 207 225 375 137 269 29 467 258 493 227 464 336 380 207 184 19 436 85 349 95 421 253 270 316 491 329 128 388 123 147 142 289 149 455 86

 240 381 249 25 28 83 104 441 165 169 249 355 496 147 160 441 115 156 474 278 178 236 322 279 187 438 431 264 451 278 181 183 273 378 179 198 497 446 105 151

 374 82 144 39 185 211 370 451 385 464 459 184 428 483 327 129 227 353 452 358 13 80 438 290 367 275 61 487 386 254 25 213 117 401 59 419 299 261 74 156

 28 77 202 472 421 184 205 90 137 279 181 8 377 377 208 360 103 394 475 382 194 324 348 411 164 209 250 123 210 183 36 172 48 150 313 2 220 7 234 456

 110 223 112 198 341 78 495 339 149 184 375 181 87 249 55 16 316 290 239 25 428 252 52 205 241 64 147 209 276 449 81 225 500 121 140 418 154 481 474 461

 126 395 117 140 434 242 27 290 270 103 246 486 465 203 150 445 145 429 1 488 408 499 229 468 312 439 439 137 360 1 440 43 69 371 384 73 409 66 119 135

 308 21 354 15 415 279 131 248 277 433 423 259 117 466 434 462 458 144 168 162 236 71 448 230 406 377 488 486 178 456 436 192 170 224 295 20 434 290 86 282

 190 282 492 213 94 363 51 292 402 65 369 383 213 123 336 65 351 401 108 460 264 77 491 330 381 287 251 3 102 213 206 431 497 96 478 33 264 43 54 465

 268 177 374 470 496 184 492 293 383 274 456 78 483 470 96 146 159 302 183 98 450 486 56 9 401 122 219 24 208 39 200 325 475 439 477 446 56 145 488 165

 429 62 129 31 207 152 333 498 384 375 278 377 362 361 93 181 356 210 192 404 431 173 224 412 469 222 480 106 208 401 141 435 111 489 313 137 430 87 20 259

 123 135 323 482 459 147 165 432 304 52 37 298 293 461 142 294 388 445 255 253 483 369 200 288 133 82 362 279 411 473 196 186 87 485 209 275 189 335 160 400

 32 456 129 115 430 402 173 458 83 446 144 266 218 329 489 344 175 347 498 207 187 446 238 143 281 311 313 290 447 246 33 70 259 471 275 357 157 186 279 301

 105 305 271 401 139 257 322 141 296 121 119 259 294 123 62 379 285 479 441 87 382 281 359 58 77 383 100 226 192 214 270 368 390 15 85 277 12 59 160 313

 487 452 342 290 164 175 201 150 249 278 43 211 170 232 129 371 282 177 248 114 259 216 322 397 9 80 410 33 479 222 424 235 2 62 84 308 243 406 365 433

 106 364 216 395 230 444 346 484 280 321 459 66 433 181 176 55 236 448 274 200 353 329 328 41 359 347 97 439 366 170 242 259 330 50 18 166 19 213 353 72

 165 352 121 82 174 143 354 124 215 165 216 236 168 417 312 65 58 66 371 204 38 225 269 83 54 141 99 42 67 265 222 172 239 484 329 310 308 386 266 74

 49 453 200 232 490 207 321 379 251 141 288 338 354 274 36 257 101 125 176 265 258 66 243 408 476 310 50 324 158 268 94 146 398 166 116 398 408 117 104 202

 395 168 120 8 480 480 490 458 18 331 214 211 327 355 480 206 320 389 37 17 458 76 230 156 388 383 219 51 374 295 8 12 51 264 478 182 307 361 417 337

 293 492 394 225 146 50 248 221 417 12 148 118 9 165 115 387 247 338 450 490 221 238 297 306 333 441 243 32 396 442 375 201 320 275 156 120 11 46 45 494

 15 12 441 197 92 318 142 379 95 56 449 49 238 113 73 471 397 281 113 350 399 205 131 110 374 454 327 340 334 258 146 91 416 467 115 391 347 215 14 329

 304 139 235 267 256 26 483 244 160 314 237 413 471 390 373 437 303 313 217 86 85 232 294 419 483 494 493 307 172 84 192 8 121 421 56 257 157 12 54 402

 290 94 194 44 423 322 296 173 407 4 423 128 390 23 260 421 278 166 471 177 94 204 189 445 171 168 311 444 195 60 422 230 369 16 216 17 338 497 210 428

 328 450 416 333 320 414 489 12 181 217 340 78 322 495 83 65 278 10 294 488 427 121 57 152 253 74 111 221 376 321 376 318 17 33 289 476 219 243 246 20

 168 441 35 444 139 115 291 341 239 17 178 313 201 270 438 237 361 343 177 360 173 33 89 408 122 385 178 477 342 449 214 343 480 455 226 456 276 159 312 481

 26 27 305 81 445 380 180 4 269 271 168 37 454 142 390 326 356 464 66 252 151 459 59 442 158 453 452 247 11 270 476 89 459 243 22 280 497 230 243 146

 162 61 302 209 391 474 127 372 12 267 491 242 165 366 118 318 365 258 414 277 260 290 212 407 303 46 337 495 11 477 221 72 376 432 331 430 322 471 412 274

 311 333 378 32 19 367 490 77 431 10 377 228 48 42 248 4 108 220 279 342 34 364 126 417 10 379 460 115 235 78 291 174 108 140 159 442 367 282 78 495

 449 188 292 164 178 237 111 166 262 362 140 280 453 388 187 414 23 145 254 144 217 167 355 88 208 144 316 130 146 88 289 210 304 275 354 499 157 428 395 19

 392 4 89 55 67 400 460 255 268 70 371 120 157 212 49 481 324 226 223 259 71 1 234 298 298 168 286 322 271 414 32 119 261 289 380 93 204 350 39 346

 390 409 371 410 329 6 380 88 164 33 0 290 285 150 147 418 461 103 57 486 259 449 183 380 184 75 217 138 309 472 386 194 492 316 19 61 375 166 229 106

 133 472 457 153 364 470 435 226 232 408 40 279 439 388 28 467 273 83 488 463 454 414 308 217 278 451 439 226 62 363 111 137 438 153 141 401 179 371 447 232

 283 19 29 381 286 108 226 0 263 219 105 170 65 141 101 214 58 382 132 40 67 199 189 248 319 228 279 264 98 344 396 338 467 490 299 218 449 258 9 211

 93 293 139 493 465 256 316 260 195 439 311 326 454 253 107 330 198 199 141 0 276 328 180 21 282 280 388 376 13 135 123 434 471 140 254 351 63 84 336 487

 448 103 220 377 499 262 138 317 72 196 493 8 149 329 293 113 455 472 111 423 206 270 187 134 302 416 278 94 300 140 495 156 2 417 36 306 214 402 376 214

 220 95 123 447 372 409 465 270 196 260 365 14 90 370 283 399 226 208 497 321 371 367 134 472 394 218 249 327 260 8 486 456 434 488 148 366 311 359 82 366

 476 155 441 68 329 314 332 31 383 290 233 471 192 198 405 78 217 257 292 485 413 442 230 343 461 169 296 461 233 462 19 322 127 71 269 291 311 231 321 273

 392 151 52 147 431 185 474 116 241 39 258 329 239 495 396 303 50 399 427 87 134 185 424 177 95 147 171 41 390 128 437 473 186 235 334 78 242 283 211 333

 215 108 179 133 413 94 36 20 307 168 224 241 177 86 312 323 420 440 494 217 365 144 140 74 445 367 494 325 97 389 272 380 361 435 117 137 148 479 444 252

 339 448 383 74 498 446 397 112 43 1 61 345 429 198 309 174 143 17 357 302 222 217 440 88 168 395 292 106 234 165 95 267 56 229 388 87 392 208 253 373

 220 274 78 218 20 288 88 343 299 65 83 63 138 497 117 167 430 69 176 27 464 463 160 256 457 368 27 298 359 456 80 354 96 114 87 74 380 59 163 379

 141 166 167 356 255 151 384 487 189 81 83 213 425 24 248 55 481 4 211 292 252 319 34 189 317 230 288 348 477 192 308 81 413 133 487 146 431 477 77 370

 293 206 270 255 190 469 231 51 415 486 490 378 219 398 188 275 229 69 280 403 56 285 217 498 388 50 41 56 30 412 432 47 94 276 12 330 401 255 28 435

 350 75 426 467 478 117 318 54 74 219 405 30 183 294 270 222 468 139 305 157 105 241 194 291 159 312 0 90 159 260 494 106 332 436 392 71 39 226 343 231

 231 482 457 309 177 72 87 495 75 423 175 113 109 255 20 387 480 492 187 411 86 488 52 307 428 485 290 235 450 278 102 446 317 116 260 345 50 218 253 212

 307 139 437 221 105 4 280 112 95 398 44 405 217 83 461 118 146 152 230 45 334 169 331 293 373 378 94 496 120 243 457 407 346 150 277 58 366 319 366 139

 307 334 386 71 172 275 208 165 144 240 470 269 482 254 351 331 428 334 47 457 2 271 336 99 389 446 206 106 200 225 98 220 189 421 123 374 240 22 398 117

 367 143 65 306 13 223 231 396 126 216 449 410 431 357 489 154 129 417 178 58 222 364 16 43 176 44 300 202 392 425 227 418 202 126 279 205 482 30 143 295

 370 335 138 371 274 368 422 423 499 307 181 131 161 72 307 309 167 428 209 56 326 279 78 264 152 161 10 60 111 238 388 15 38 292 408 105 399 300 225 147

 432 123 124 27 221 21 128 92 14 288 134 434 4 288 146 209 491 232 403 153 160 366 64 12 210 286 150 188 322 439 228 283 165 168 290 193 403 136 66 449

 289 71 182 311 138 476 396 2 375 136 239 182 199 185 146 376 25 274 81 469 426 164 236 104 500 251 247 52 338 428 310 390 384 479 150 200 457 342 359 307

 466 340 376 39 440 411 438 180 161 60 146 308 115 413 325 26 268 321 375 430 412 431 212 429 208 223 289 83 116 149 173 293 54 261 467 305 78 362 218 434

 339 162 484 282 13 13 91 190 190 227 200 71 38 479 350 388 91 94 198 89 449 81 310 31 121 327 221 413 296 162 460 283 480 144 203 29 397 259 429 302

 2 431 329 313 462 452 474 440 411 364 307 210 10 468 259 494 177 71 16 153 103 301 355 472 408 489 191 398 247 99 65 187 369 305 174 462 195 480 169 472

 245 275 122 284 408 484 442 178 1 443 158 345 286 26 432 163 282 157 84 423 471 191 73 403 286 86 31 157 409 274 29 267 461 63 84 41 195 42 320 307

 444 205 56 119 442 240 416 3 241 47 416 309 346 3 83 395 418 81 256 410 29 192 109 272 101 436 330 216 382 362 352 492 96 361 428 217 37 303 224 32

 71 399 128 98 280 247 434 309 296 98 251 181 390 282 176 489 82 61 294 274 339 347 487 171 346 378 114 44 71 81 383 144 137 244 430 325 2 446 427 284

 484 409 1 34 316 415 199 202 460 263 368 295 363 217 254 173 321 299 79 30 214 18 121 287 168 155 187 438 186 439 206 40 150 276 249 203 204 272 191 334

 247 96 198 128 204 157 283 41 170 180 91 76 478 223 292 127 378 68 365 454 60 342 201 238 178 177 349 33 17 319 486 461 401 444 458 83 399 72 80 330

 176 304 317 46 33 196 347 108 262 255 98 356 276 47 252 66 32 109 422 137 494 341 460 498 237 277 80 464 321 209 426 444 225 155 433 13 48 25 484 405

 489 330 316 306 111 151 22 366 95 336 9 259 117 319 134 192 219 493 330 357 420 235 306 109 482 204 202 315 170 223 368 466 410 309 397 333 457 74 305 89

 306 411 232 254 241 342 382 494 312 349 412 273 442 358 125 434 182 47 84 96 285 41 117 330 138 481 482 88 430 399 249 460 145 293 102 254 252 23 347 399

 489 28 236 126 177 308 8 136 85 237 94 457 126 110 231 59 215 490 187 408 394 104 359 27 374 69 277 191 37 284 295 237 349 122 411 155 225 266 95 440

 51 365 197 40 74 182 475 51 57 186 448 311 396 63 214 39 278 134 280 54 460 253 155 112 325 114 320 380 97 452 105 74 465 277 358 381 223 347 156 430

 366 286 92 297 38 356 316 251 210 378 351 394 311 202 439 488 133 147 75 122 191 197 11 347 468 145 86 412 246 24 373 113 308 324 100 177 494 141 66 41

 376 163 133 360 227 163 80 6 177 385 114 133 466 266 28 5 168 23 278 144 447 2 369 312 296 255 211 17 242 54 134 141 190 20 393 252 189 404 485 287

 66 46 30 222 165 90 495 9 72 116 476 447 207 105 484 423 42 211 148 402 434 292 6 48 59 334 261 446 344 110 404 118 319 259 106 420 154 490 143 25

 328 484 369 8 429 381 452 381 257 69 194 138 490 218 482 473 365 157 50 232 361 109 334 305 122 319 238 128 290 355 309 457 334 24 169 397 499 443 458 162

 228 371 48 52 316 442 422 397 133 353 234 97 470 498 253 53 165 467 395 418 459 371 234 44 414 53 233 290 418 416 105 234 415 248 462 170 256 292 47 394

 412 300 164 38 81 193 94 62 94 121 259 335 55 113 245 489 496 167 395 331 434 260 396 494 28 80 356 135 396 89 172 36 114 182 106 158 384 223 410 393

 318 88 288 142 80 145 201 11 62 453 75 41 481 64 7 456 154 224 277 110 329 419 235 286 343 357 37 386 339 168 316 270 218 406 391 421 114 345 153 373

 474 228 25 398 131 332 238 239 368 284 426 341 257 424 300 26 7 34 61 149 273 489 407 448 492 106 144 401 26 76 176 367 281 31 90 332 461 457 155 494

 2 346 487 167 338 75 197 448 395 90 345 70 65 432 338 22 189 312 383 399 420 93 340 69 36 72 174 444 491 248 453 302 221 218 30 320 131 248 451 172

 252 306 252 484 5 186 215 336 227 418 141 326 467 267 94 331 38 62 320 147 75 286 462 173 183 126 109 339 421 434 141 118 452 352 430 312 415 384 490 19

 102 257 34 334 237 289 486 87 266 327 314 84 497 219 457 178 453 118 149 399 368 383 192 264 174 459 8 271 411 138 488 141 466 100 2 361 446 457 53 318

 440 470 207 289 387 359 177 83 167 417 183 310 355 44 433 93 323 308 263 195 54 109 283 148 175 64 484 399 121 92 64 162 295 296 345 192 329 359 295 416

 16 431 78 170 471 422 237 166 196 388 412 394 295 83 414 95 21 31 444 392 107 320 248 313 214 327 120 99 254 89 441 176 101 399 200 366 378 12 369 301

 360 458 266 257 95 0 120 270 158 489 400 278 357 182 135 265 300 201 158 84 32 441 38 262 333 445 375 144 233 478 91 63 95 419 404 328 149 297 145 427

 130 75 219 149 208 467 490 7 465 133 201 402 162 410 335 203 323 64 3 394 24 27 435 490 378 292 143 461 437 354 287 412 251 450 408 464 405 442 75 455

 444 420 312 392 198 404 291 378 309 20 60 390 169 77 34 480 377 91 459 433 345 225 404 248 66 141 387 289 289 145 141 448 210 219 152 467 204 54 170 87

 18 260 217 73 164 294 466 218 29 23 496 439 237 122 271 389 398 350 126 450 246 284 185 360 196 478 121 313 17 231 337 65 478 39 276 365 450 359 163 283

 254 423 120 380 203 283 21 498 364 69 159 403 372 437 25 397 18 327 477 468 353 28 172 72 203 375 126 36 84 101 145 185 153 399 360 244 344 187 296 193

 358 149 194 483 289 323 481 97 262 316 270 407 432 269 499 158 383 141 123 465 90 15 268 103 139 105 120 314 207 105 289 110 349 155 270 482 498 398 377 458

 21 5 56 209 35 414 61 182 177 5 199 382 342 145 83 493 416 45 421 342 362 188 16 188 426 30 438 477 308 16 24 293 63 103 293 40 455 182 264 8

 440 0 125 489 382 496 240 330 250 264 459 405 37 333 415 346 152 205 364 212 46 346 164 23 182 20 112 147 455 15 181 296 369 95 211 446 233 291 169 272

 189 190 417 247 487 414 260 196 312 312 326 377 300 245 321 324 40 59 435 394 353 13 70 281 257 202 271 143 64 126 77 457 178 201 121 404 65 327 466 160

 108 100 81 487 360 202 359 398 416 365 465 347 218 98 396 349 294 80 100 476 139 64 445 178 202 302 107 319 334 48 233 293 405 497 408 157 488 434 416 352

 69 30 324 71 176 270 366 40 322 438 46 72 250 366 453 82 42 486 185 443 169 345 486 449 67 81 296 469 27 321 217 363 62 234 134 347 287 72 462 80

 348 89 425 355 307 224 440 425 208 152 410 81 423 146 398 500 126 255 466 64 309 392 239 166 488 307 357 370 37 209 226 377 240 111 29 72 283 375 480 433

 10 484 54 360 298 500 318 86 170 320 394 19 268 139 406 232 163 458 285 278 287 456 282 337 250 369 113 36 454 482 197 133 381 429 185 286 160 363 195 485

 466 20 411 435 246 182 472 307 315 207 445 311 48 463 19 286 326 374 62 178 81 178 114 124 252 53 114 76 115 111 208 16 99 410 113 465 252 393 441 55

 353 203 30 50 202 276 40 145 177 315 424 402 24 455 265 298 411 405 378 337 189 134 408 351 69 158 427 262 301 267 164 61 219 371 125 139 260 339 38 401

 139 90 130 494 31 243 316 218 353 450 187 168 120 87 401 375 297 475 74 451 442 210 347 295 37 277 323 209 34 24 12 468 296 454 486 289 56 499 430 378

 480 133 191 192 422 51 402 109 117 250 113 337 217 496 247 240 327 353 6 94 485 452 464 151 290 104 423 245 176 207 161 422 264 202 237 130 351 424 168 9

 236 482 203 162 265 139 326 93 55 322 114 19 199 453 455 212 177 285 263 117 402 74 339 489 149 286 473 148 460 475 413 165 416 161 307 447 151 176 256 230

 251 298 168 169 264 39 408 149 318 480 157 307 436 153 135 183 304 107 328 33 278 39 273 301 64 401 236 431 426 34 377 41 118 13 270 486 129 374 259 438

 273 170 452 183 236 500 467 219 109 446 271 433 485 209 399 159 402 389 247 39 377 355 404 19 498 411 275 130 407 457 112 51 84 313 319 214 102 414 381 51

 372 397 117 160 342 54 320 107 349 248 110 399 7 269 497 25 457 159 50 197 236 324 397 319 450 60 105 432 126 211 346 442 453 188 18 11 86 118 186 7

 414 168 284 142 65 472 213 365 77 30 411 11 87 368 61 5 227 310 359 110 86 272 297 179 486 340 323 93 175 367 150 243 373 25 457 189 288 202 179 7

 161 342 287 407 449 326 454 301 441 389 260 358 343 192 265 454 245 310 102 266 127 21 236 299 486 228 269 69 102 156 482 370 361 452 62 32 305 89 485 491

 89 368 70 357 384 214 327 462 371 232 234 244 313 119 51 424 217 138 264 269 384 497 282 164 209 392 307 442 322 440 167 174 214 86 460 22 127 25 91 301

 285 20 167 45 176 240 435 363 414 447 57 495 147 134 6 282 154 103 173 390 387 192 206 188 432 495 424 486 149 431 137 207 301 23 231 443 389 186 140 439

 303 348 343 70 55 462 360 105 56 231 377 428 390 134 162 325 164 29 463 229 285 473 425 236 254 491 103 366 379 481 21 73 312 188 321 60 52 382 2 144

 356 412 356 117 301 64 173 29 468 143 189 53 154 353 2 230 59 378 134 129 418 179 328 427 464 144 68 49 70 114 270 360 173 340 100 180 330 198 211 482

 45 87 246 304 307 120 107 181 428 295 5 241 237 131 103 179 241 9 181 123 303 483 422 211 164 459 439 409 70 140 195 432 21 169 362 231 203 339 279 338

 283 11 259 55 97 7 466 433 416 478 233 149 129 199 457 380 432 426 274 324 277 280 488 381 57 174 66 469 283 399 273 471 483 25 273 124 260 135 30 411

 414 486 58 139 348 35 136 358 338 190 196 284 417 182 191 488 477 432 93 333 413 455 414 121 159 183 390 148 411 479 290 482 56 371 126 287 99 378 227 151

 304 159 253 291 152 173 346 315 374 433 104 158 273 427 61 86 499 365 60 119 11 13 442 384 5 247 346 361 182 407 413 390 364 429 1 257 252 301 236 168

 387 269 384 126 140 152 124 348 154 297 126 111 172 393 245 182 308 446 133 73 88 55 438 300 435 440 80 171 247 396 60 246 11 267 452 244 471 63 354 90

 359 217 399 328 466 159 372 190 33 463 89 125 183 232 330 446 383 7 49 304 166 399 141 332 48 425 333 11 120 100 197 466 293 64 188 7 71 340 473 115

 67 44 260 8 85 274 319 3 282 89 120 475 348 206 6 461 53 160 54 245 171 487 160 431 216 76 231 312 270 489 331 136 191 75 157 40 172 254 474 166

 430 207 438 486 481 96 133 117 115 336 135 461 82 251 126 10 497 464 59 331 469 356 18 223 309 374 342 0 295 101 301 393 157 254 9 433 43 429 178 139

 39 289 82 331 155 399 27 313 499 157 219 264 402 43 435 105 210 421 298 321 58 472 105 368 29 164 5 157 104 171 23 500 234 426 433 447 26 279 308 80

 14 284 400 126 232 146 430 459 3 434 467 313 105 457 229 369 252 70 434 99 141 442 383 461 27 50 121 385 210 464 295 152 333 364 357 327 441 273 194 68

 26 50 413 156 461 46 121 133 266 153 158 251 445 161 163 421 140 361 367 150 168 426 283 259 458 372 65 262 202 92 5 155 216 158 125 86 461 300 210 45

 370 293 111 211 247 110 470 151 228 87 424 151 17 160 156 199 295 94 108 63 284 79 92 274 288 341 468 349 432 385 311 165 150 475 177 438 361 340 368 290

 100 49 221 105 156 184 101 362 250 270 435 1 98 157 321 305 227 213 81 190 247 344 419 403 375 70 70 108 119 79 263 248 76 220 240 273 124 120 408 286

 64 422 329 399 399 170 147 394 218 132 236 86 4 95 374 388 285 113 329 382 116 249 23 268 290 419 394 112 103 361 263 492 443 43 427 286 373 9 337 256

 456 360 164 246 328 475 154 410 382 470 58 82 135 210 276 498 387 147 371 186 344 450 387 344 66 129 90 131 216 224 148 252 444 296 278 153 292 99 353 452

 143 226 155 473 267 84 495 324 272 456 144 129 297 249 105 98 199 73 333 79 414 28 181 57 181 130 488 492 105 80 167 370 496 395 34 337 92 413 4 133

 200 246 155 77 419 36 87 238 25 103 483 366 467 380 299 360 128 3 426 244 121 50 38 415 188 340 129 56 340 284 257 346 384 397 469 147 362 281 223 17

 157 138 405 261 492 355 78 268 170 451 35 289 472 135 38 244 359 373 419 129 383 327 485 74 458 299 371 116 172 302 109 283 246 143 32 34 39 90 425 50

 313 64 314 317 482 249 443 248 300 491 210 194 241 282 362 341 436 200 83 94 219 120 301 94 404 448 10 289 212 216 182 370 395 442 154 318 139 334 211 14

 140 111 20 424 267 424 462 285 481 54 164 205 280 18 155 0 482 493 317 292 33 492 160 226 310 97 415 167 219 163 412 427 330 294 326 31 221 396 165 406

 263 228 429 222 455 269 424 100 8 472 52 113 369 73 359 195 328 474 115 312 417 359 289 71 303 135 491 141 146 189 302 372 371 37 15 148 45 369 163 258

 269 145 277 352 493 118 303 16 238 216 423 254 46 352 184 285 220 70 148 463 68 210 415 283 200 138 0 486 254 139 294 497 184 436 140 169 81 70 334 419

 449 344 443 497 220 416 398 16 214 6 327 123 436 85 95 164 449 197 451 374 199 476 105 461 313 277 436 158 213 264 105 21 61 274 395 452 44 361 48 255

 322 64 12 324 79 67 379 318 72 352 318 310 42 208 370 276 469 39 452 141 386 290 375 266 163 77 374 324 331 316 302 294 35 148 121 447 198 66 54 243

 68 403 239 72 245 44 179 327 133 11 278 402 404 236 20 319 238 491 322 450 358 142 467 449 457 160 435 436 489 24 194 88 434 366 110 185 250 111 205 212

 59 272 6 286 8 48 133 132 280 305 209 364 90 325 331 51 340 282 415 58 126 492 197 274 139 419 184 436 481 247 12 382 416 404 67 31 295 458 429 59

 255 243 349 225 19 30 79 72 36 128 146 337 326 201 271 192 456 482 388 322 95 450 20 462 450 272 195 197 312 441 328 144 235 426 39 346 37 108 260 346

 286 466 268 236 87 40 220 427 216 115 88 422 216 221 351 131 298 184 195 408 328 280 384 10 139 150 24 424 82 373 419 284 500 142 188 410 84 133 373 361

 176 200 433 328 157 256 380 284 154 245 233 2 423 152 237 176 272 366 75 386 243 381 2 235 250 40 115 113 125 38 319 184 200 461 351 457 259 327 65 443

 90 66 267 255 257 217 4 147 202 130 42 111 325 253 102 78 468 423 388 412 486 103 489 243 54 244 158 57 299 389 462 214 305 419 115 131 285 312 256 395

 370 181 444 78 205 301 349 298 388 253 113 267 487 173 472 335 346 266 290 120 201 453 269 168 472 187 0 369 135 40 212 308 497 71 435 482 287 144 238 411

 224 74 5 202 97 269 364 369 474 52 20 427 202 70 299 124 135 100 451 61 425 99 69 276 391 326 203 457 330 155 21 157 408 189 299 187 233 93 397 333

 10 221 253 370 190 189 374 496 215 7 443 203 262 308 469 132 46 400 82 103 131 291 171 141 101 379 102 208 456 26 212 338 148 299 353 394 284 41 120 479

 108 71 260 194 274 271 354 10 499 379 315 454 43 440 468 417 321 251 47 28 294 97 129 373 1 200 378 31 345 202 263 219 131 305 441 108 295 132 300 170

 70 49 410 322 368 90 405 91 160 19 421 489 286 49 333 76 14 45 400 442 105 398 478 221 495 387 9 215 63 156 474 484 33 358 75 306 222 388 212 3

 312 256 404 173 97 369 79 118 309 80 390 96 320 360 336 376 4 142 111 288 393 233 17 116 134 364 432 253 154 363 34 119 69 430 265 89 39 82 266 213

 35 218 8 496 269 478 488 466 64 335 393 348 374 258 335 136 337 440 480 287 92 476 452 231 417 465 477 212 383 465 211 220 481 285 185 419 161 346 17 99

 454 152 6 51 214 71 182 319 324 323 368 256 310 481 251 319 82 315 69 188 23 68 380 142 191 248 264 203 387 129 456 218 175 349 417 293 270 89 298 326

 323 78 416 239 118 301 21 125 78 422 316 459 7 309 402 35 125 385 467 497 69 354 396 344 206 290 414 376 37 253 480 469 203 244 268 30 460 492 201 81

 100 380 273 218 89 417 459 216 256 324 153 147 38 299 126 97 390 428 54 63 193 292 155 333 248 19 15 146 473 429 22 185 396 31 366 457 119 188 247 316

 325 232 144 456 112 115 290 241 213 312 259 75 64 231 109 495 95 459 409 471 157 347 408 308 164 362 397 365 321 262 363 447 99 259 50 29 171 111 454 105

 28 205 301 390 91 342 160 409 89 176 199 286 330 29 220 360 460 292 144 186 261 360 433 336 80 267 167 383 22 210 489 73 167 439 164 168 364 374 355 328

 435 458 389 140 136 105 365 340 453 462 216 372 262 259 399 225 303 0 150 324 468 16 165 14 456 423 51 399 209 490 434 24 442 481 204 37 24 479 407 319

 214 110 123 234 181 5 345 445 72 131 124 85 421 410 254 320 176 375 383 274 417 418 375 68 485 10 174 242 236 288 171 405 410 305 260 460 135 122 18 6

 330 180 363 157 325 193 220 471 10 387 111 135 258 170 236 474 85 227 231 463 1 31 60 348 234 22 17 62 266 435 118 457 53 460 239 500 172 456 264 492

 107 47 55 70 346 18 466 55 60 23 75 243 52 214 466 443 494 496 5 279 231 395 41 235 222 290 306 68 353 79 83 369 63 183 491 335 84 51 461 342

 225 20 289 311 112 194 286 1 459 249 261 300 111 103 261 194 109 255 19 59 15 468 158 351 486 118 334 41 9 263 469 399 341 446 330 452 148 472 176 11

 302 455 110 157 202 49 68 164 405 348 26 254 229 251 406 273 426 407 482 198 483 286 265 59 405 431 125 209 285 292 111 357 484 438 167 117 395 119 127 99

 281 52 221 231 116 172 60 200 70 82 43 56 339 342 383 187 165 36 480 66 219 88 489 309 389 381 340 29 90 103 284 379 149 85 275 483 146 222 109 383

 383 381 13 5 227 198 278 232 18 19 289 28 75 25 261 129 405 224 469 286 432 313 196 29 77 96 373 59 284 173 442 110 477 483 411 64 371 487 211 15

 43 350 28 268 311 244 277 359 441 346 420 101 198 382 289 75 229 297 375 134 372 290 446 444 327 227 413 296 78 329 94 122 439 131 146 365 288 394 90 193

 228 24 14 319 255 323 469 43 391 125 259 311 31 163 259 178 54 165 415 175 484 326 474 396 78 384 396 278 197 279 29 192 309 85 484 353 107 225 3 82

 326 298 421 260 193 470 86 26 346 186 87 245 369 128 443 465 496 152 4 115 278 89 85 378 424 186 12 422 197 436 225 31 406 44 137 279 260 88 380 322

 330 62 205 53 87 390 268 165 187 158 50 469 149 83 49 267 461 199 225 81 474 62 180 255 265 198 277 460 149 6 148 130 171 234 56 150 119 424 411 117

 272 377 251 343 353 231 117 134 210 456 160 346 345 187 487 432 126 272 94 160 382 438 363 214 124 151 437 490 409 63 410 230 122 350 64 169 384 332 29 262

 465 289 199 421 420 343 231 251 324 60 159 302 162 287 309 195 259 411 274 68 350 241 342 379 296 271 448 305 102 147 404 236 361 245 395 244 283 338 320 154

 80 358 211 447 227 290 96 499 302 211 500 166 89 223 44 190 154 233 417 454 478 216 154 289 400 139 408 12 91 233 134 13 43 32 23 94 441 261 313 226

 45 243 395 110 159 197 355 263 474 83 45 440 305 446 274 18 477 42 327 386 5 82 297 19 49 38 78 138 218 112 180 62 315 434 359 45 132 40 478 442

 161 426 22 237 238 28 500 224 291 324 289 307 170 334 144 303 217 58 307 7 237 447 99 163 375 111 78 191 47 170 470 233 332 232 140 231 140 36 409 455

 16 416 142 300 479 286 421 141 440 9 494 26 46 237 105 375 484 62 237 472 294 361 134 28 148 440 466 157 452 398 464 168 353 278 71 380 70 469 147 113

 26 460 39 274 126 428 436 340 7 365 370 193 482 174 221 473 358 94 464 277 384 360 321 226 35 195 377 278 494 232 279 127 160 149 125 2 332 492 380 395

 487 435 342 45 443 75 288 463 383 257 78 345 196 347 478 65 152 19 191 261 97 52 12 83 152 80 116 338 392 44 339 249 203 282 170 66 106 269 396 68

 307 373 448 61 455 497 438 254 393 6 76 402 52 450 80 146 151 95 481 230 265 13 96 360 286 421 302 456 272 443 130 197 270 14 476 202 93 70 380 181

 300 476 304 7 479 138 421 475 218 386 26 320 146 276 1 260 301 346 386 351 416 298 102 461 374 429 30 11 71 477 371 296 246 350 422 441 82 447 454 422

 62 494 146 473 401 250 54 298 490 213 78 201 228 327 214 450 438 380 110 258 168 339 249 109 301 410 185 25 398 396 311 257 472 19 189 241 338 93 168 326

 377 8 124 311 267 465 25 323 495 2 123 470 77 382 81 485 26 174 410 6 217 361 125 273 29 235 375 206 475 93 473 196 164 326 238 84 473 435 69 157

Maximum value: 500
Minimum value: 0
Average value: 251.6828
